loukis@node0:~/cs499-fa22/assignments/hw4/hotelapp/wrk2$ ./wrk -t2 -c100 -d30s -R2000 -L -s ./scripts/hotel-reservation/mixed-workload_type_1.lua http://node1:8080
Running 30s test @ http://node1:8080
  2 threads and 100 connections
  Thread calibration: mean lat.: 5.536ms, rate sampling interval: 21ms
  Thread calibration: mean lat.: 2.181ms, rate sampling interval: 10ms
  Thread Stats   Avg      Stdev     99%   +/- Stdev
    Latency     3.82ms    3.79ms  13.14ms   78.48%
    Req/Sec     1.04k   577.04     2.50k    75.57%
  Latency Distribution (HdrHistogram - Recorded Latency)
 50.000%    2.27ms
 75.000%    7.01ms
 90.000%    9.67ms
 99.000%   13.14ms
 99.900%   17.09ms
 99.990%   23.42ms
 99.999%   26.17ms
100.000%   26.17ms

  Detailed Percentile spectrum:
       Value   Percentile   TotalCount 1/(1-Percentile)

       0.108     0.000000            1         1.00
       0.234     0.100000         4007         1.11
       0.334     0.200000         7988         1.25
       0.736     0.300000        11975         1.43
       1.441     0.400000        15962         1.67
       2.267     0.500000        19953         2.00
       2.805     0.550000        21946         2.22
       3.411     0.600000        23947         2.50
       4.275     0.650000        25936         2.86
       5.875     0.700000        27931         3.33
       7.015     0.750000        29926         4.00
       7.451     0.775000        30921         4.44
       7.867     0.800000        31919         5.00
       8.311     0.825000        32941         5.71
       8.735     0.850000        33930         6.67
       9.191     0.875000        34922         8.00
       9.415     0.887500        35412         8.89
       9.671     0.900000        35914        10.00
       9.927     0.912500        36411        11.43
      10.199     0.925000        36915        13.33
      10.519     0.937500        37408        16.00
      10.687     0.943750        37661        17.78
      10.895     0.950000        37912        20.00
      11.103     0.956250        38154        22.86
      11.335     0.962500        38405        26.67
      11.575     0.968750        38653        32.00
      11.735     0.971875        38781        35.56
      11.903     0.975000        38905        40.00
      12.087     0.978125        39027        45.71
      12.303     0.981250        39152        53.33
      12.567     0.984375        39276        64.00
      12.719     0.985938        39340        71.11
      12.839     0.987500        39400        80.00
      13.023     0.989062        39465        91.43
      13.231     0.990625        39524       106.67
      13.543     0.992188        39588       128.00
      13.655     0.992969        39618       142.22
      13.863     0.993750        39650       160.00
      14.079     0.994531        39682       182.86
      14.319     0.995313        39713       213.33
      14.719     0.996094        39743       256.00
      14.903     0.996484        39759       284.44
      15.175     0.996875        39774       320.00
      15.399     0.997266        39789       365.71
      15.543     0.997656        39805       426.67
      15.839     0.998047        39821       512.00
      15.967     0.998242        39828       568.89
      16.119     0.998437        39836       640.00
      16.431     0.998633        39844       731.43
      16.623     0.998828        39852       853.33
      17.167     0.999023        39860      1024.00
      17.327     0.999121        39863      1137.78
      17.503     0.999219        39867      1280.00
      17.647     0.999316        39871      1462.86
      18.367     0.999414        39875      1706.67
      19.151     0.999512        39879      2048.00
      19.343     0.999561        39881      2275.56
      20.543     0.999609        39883      2560.00
      20.719     0.999658        39885      2925.71
      21.071     0.999707        39887      3413.33
      21.311     0.999756        39889      4096.00
      21.359     0.999780        39890      4551.11
      21.567     0.999805        39891      5120.00
      22.607     0.999829        39892      5851.43
      23.391     0.999854        39893      6826.67
      23.423     0.999878        39894      8192.00
      23.423     0.999890        39894      9102.22
      23.455     0.999902        39895     10240.00
      23.455     0.999915        39895     11702.86
      23.711     0.999927        39896     13653.33
      23.711     0.999939        39896     16384.00
      23.711     0.999945        39896     18204.44
      23.903     0.999951        39897     20480.00
      23.903     0.999957        39897     23405.71
      23.903     0.999963        39897     27306.67
      23.903     0.999969        39897     32768.00
      23.903     0.999973        39897     36408.89
      26.175     0.999976        39898     40960.00
      26.175     1.000000        39898          inf
#[Mean    =        3.816, StdDeviation   =        3.790]
#[Max     =       26.160, Total count    =        39898]
#[Buckets =           27, SubBuckets     =         2048]
----------------------------------------------------------
  58910 requests in 30.00s, 13.33MB read
  Non-2xx or 3xx responses: 23633
Requests/sec:   1963.53
Transfer/sec:    454.87KB