loukis@node0:~/cs499-fa22/assignments/hw4/hotelapp/wrk2$ ./wrk -t2 -c100 -d30s -R2000 -L -s ./scripts/hotel-reservation/mixed-workload_type_1.lua http://node1:27018
Running 30s test @ http://node1:27018
  2 threads and 100 connections
  Thread calibration: mean lat.: 53.576ms, rate sampling interval: 300ms
  Thread calibration: mean lat.: 44.702ms, rate sampling interval: 203ms
  Thread Stats   Avg      Stdev     99%   +/- Stdev
    Latency   412.18ms  451.38ms   2.00s    79.09%
    Req/Sec     0.97k    24.94     1.01k    66.46%
  Latency Distribution (HdrHistogram - Recorded Latency)
 50.000%  201.21ms
 75.000%  400.89ms
 90.000%    1.10s 
 99.000%    2.00s 
 99.900%    2.20s 
 99.990%    2.80s 
 99.999%    2.88s 
100.000%    2.88s 

  Detailed Percentile spectrum:
       Value   Percentile   TotalCount 1/(1-Percentile)

       0.111     0.000000            1         1.00
      50.495     0.100000         3922         1.11
     100.479     0.200000         7903         1.25
     150.271     0.300000        12148         1.43
     199.551     0.400000        15519         1.67
     201.215     0.500000        19407         2.00
     250.239     0.550000        21464         2.22
     251.391     0.600000        23318         2.50
     300.543     0.650000        25304         2.86
     350.463     0.700000        27366         3.33
     400.895     0.750000        29054         4.00
     766.975     0.775000        30021         4.44
     900.095     0.800000        31000         5.00
     950.271     0.825000        32184         5.71
    1000.447     0.850000        33279         6.67
    1050.623     0.875000        34253         8.00
    1051.647     0.887500        34451         8.89
    1100.799     0.900000        35015        10.00
    1150.975     0.912500        35673        11.43
    1200.127     0.925000        36067        13.33
    1201.151     0.937500        36521        16.00
    1202.175     0.943750        36587        17.78
    1250.303     0.950000        36931        20.00
    1251.327     0.956250        37163        22.86
    1300.479     0.962500        37394        26.67
    1373.183     0.968750        37526        32.00
    1800.191     0.971875        37664        35.56
    1850.367     0.975000        37957        40.00
    1850.367     0.978125        37957        45.71
    1851.391     0.981250        38094        53.33
    1899.519     0.984375        38141        64.00
    1900.543     0.985938        38219        71.11
    1901.567     0.987500        38263        80.00
    1999.871     0.989062        38314        91.43
    2034.687     0.990625        38373       106.67
    2050.047     0.992188        38435       128.00
    2051.071     0.992969        38545       142.22
    2051.071     0.993750        38545       160.00
    2051.071     0.994531        38545       182.86
    2052.095     0.995313        38562       213.33
    2101.247     0.996094        38594       256.00
    2103.295     0.996484        38601       284.44
    2150.399     0.996875        38636       320.00
    2150.399     0.997266        38636       365.71
    2152.447     0.997656        38665       426.67
    2152.447     0.998047        38665       512.00
    2181.119     0.998242        38668       568.89
    2201.599     0.998437        38718       640.00
    2201.599     0.998633        38718       731.43
    2201.599     0.998828        38718       853.33
    2201.599     0.999023        38718      1024.00
    2201.599     0.999121        38718      1137.78
    2201.599     0.999219        38718      1280.00
    2201.599     0.999316        38718      1462.86
    2201.599     0.999414        38718      1706.67
    2201.599     0.999512        38718      2048.00
    2215.935     0.999561        38719      2275.56
    2277.375     0.999609        38721      2560.00
    2750.463     0.999658        38726      2925.71
    2750.463     0.999707        38726      3413.33
    2752.511     0.999756        38729      4096.00
    2752.511     0.999780        38729      4551.11
    2752.511     0.999805        38729      5120.00
    2777.087     0.999829        38730      5851.43
    2799.615     0.999854        38731      6826.67
    2801.663     0.999878        38734      8192.00
    2801.663     0.999890        38734      9102.22
    2801.663     0.999902        38734     10240.00
    2801.663     0.999915        38734     11702.86
    2801.663     0.999927        38734     13653.33
    2801.663     0.999939        38734     16384.00
    2801.663     0.999945        38734     18204.44
    2826.239     0.999951        38735     20480.00
    2826.239     0.999957        38735     23405.71
    2826.239     0.999963        38735     27306.67
    2826.239     0.999969        38735     32768.00
    2826.239     0.999973        38735     36408.89
    2875.391     0.999976        38736     40960.00
    2875.391     1.000000        38736          inf
#[Mean    =      412.178, StdDeviation   =      451.376]
#[Max     =     2873.344, Total count    =        38736]
#[Buckets =           27, SubBuckets     =         2048]
----------------------------------------------------------
  58429 requests in 30.00s, 9.42MB read
  Socket errors: connect 0, read 3, write 607, timeout 0
Requests/sec:   1947.70
Transfer/sec:    321.45KB