loukis@node0:~/cs499-fa22/assignments/hw4/hotelapp/wrk2$ ./wrk -t2 -c100 -d30s -R2000 -L -s ./scripts/hotel-reservation/mixed-workload_type_1.lua http://node1:8080
Running 30s test @ http://node1:8080
  2 threads and 100 connections
  Thread calibration: mean lat.: 1.848ms, rate sampling interval: 10ms
  Thread calibration: mean lat.: 1.846ms, rate sampling interval: 10ms
  Thread Stats   Avg      Stdev     99%   +/- Stdev
    Latency     1.91ms    1.98ms   5.16ms   90.59%
    Req/Sec     1.05k   162.11     1.44k    71.46%
  Latency Distribution (HdrHistogram - Recorded Latency)
 50.000%    1.89ms
 75.000%    3.23ms
 90.000%    3.87ms
 99.000%    5.16ms
 99.900%   25.30ms
 99.990%   34.05ms
 99.999%   43.62ms
100.000%   43.62ms

  Detailed Percentile spectrum:
       Value   Percentile   TotalCount 1/(1-Percentile)

       0.111     0.000000            1         1.00
       0.198     0.100000         3991         1.11
       0.226     0.200000         7989         1.25
       0.253     0.300000        12027         1.43
       1.452     0.400000        15961         1.67
       1.887     0.500000        19953         2.00
       2.018     0.550000        21948         2.22
       2.177     0.600000        23956         2.50
       2.461     0.650000        25940         2.86
       2.961     0.700000        27932         3.33
       3.235     0.750000        29921         4.00
       3.339     0.775000        30920         4.44
       3.443     0.800000        31922         5.00
       3.547     0.825000        32932         5.71
       3.641     0.850000        33926         6.67
       3.749     0.875000        34914         8.00
       3.805     0.887500        35408         8.89
       3.873     0.900000        35917        10.00
       3.941     0.912500        36406        11.43
       4.019     0.925000        36913        13.33
       4.107     0.937500        37414        16.00
       4.159     0.943750        37673        17.78
       4.211     0.950000        37906        20.00
       4.275     0.956250        38159        22.86
       4.351     0.962500        38399        26.67
       4.443     0.968750        38649        32.00
       4.499     0.971875        38778        35.56
       4.555     0.975000        38902        40.00
       4.627     0.978125        39028        45.71
       4.699     0.981250        39150        53.33
       4.815     0.984375        39272        64.00
       4.875     0.985938        39334        71.11
       4.975     0.987500        39397        80.00
       5.091     0.989062        39458        91.43
       5.231     0.990625        39521       106.67
       5.471     0.992188        39583       128.00
       5.635     0.992969        39614       142.22
       5.999     0.993750        39645       160.00
       6.679     0.994531        39676       182.86
       8.927     0.995313        39707       213.33
      12.223     0.996094        39739       256.00
      13.455     0.996484        39754       284.44
      15.151     0.996875        39771       320.00
      16.799     0.997266        39785       365.71
      18.511     0.997656        39801       426.67
      19.551     0.998047        39817       512.00
      20.287     0.998242        39824       568.89
      21.455     0.998437        39832       640.00
      22.943     0.998633        39840       731.43
      24.351     0.998828        39848       853.33
      25.567     0.999023        39856      1024.00
      26.191     0.999121        39859      1137.78
      27.359     0.999219        39863      1280.00
      27.871     0.999316        39867      1462.86
      28.767     0.999414        39871      1706.67
      30.431     0.999512        39875      2048.00
      30.623     0.999561        39877      2275.56
      30.895     0.999609        39879      2560.00
      31.151     0.999658        39881      2925.71
      31.471     0.999707        39883      3413.33
      31.887     0.999756        39885      4096.00
      32.447     0.999780        39886      4551.11
      32.959     0.999805        39887      5120.00
      33.631     0.999829        39888      5851.43
      34.047     0.999854        39890      6826.67
      34.047     0.999878        39890      8192.00
      34.047     0.999890        39890      9102.22
      37.759     0.999902        39891     10240.00
      37.759     0.999915        39891     11702.86
      39.391     0.999927        39892     13653.33
      39.391     0.999939        39892     16384.00
      39.391     0.999945        39892     18204.44
      41.375     0.999951        39893     20480.00
      41.375     0.999957        39893     23405.71
      41.375     0.999963        39893     27306.67
      41.375     0.999969        39893     32768.00
      41.375     0.999973        39893     36408.89
      43.615     0.999976        39894     40960.00
      43.615     1.000000        39894          inf
#[Mean    =        1.914, StdDeviation   =        1.983]
#[Max     =       43.584, Total count    =        39894]
#[Buckets =           27, SubBuckets     =         2048]
----------------------------------------------------------
  59893 requests in 30.00s, 13.58MB read
  Non-2xx or 3xx responses: 23935
Requests/sec:   1996.51
Transfer/sec:    463.51KB